0.01 153.990844267
0.06 156.161844972
0.11 158.226964724
0.16 160.191367397
0.21 162.059965021
0.26 163.837430063
0.31 165.528207113
0.36 167.136523992
0.41 168.666402332
0.46 170.121667625
0.51 171.505958792
0.56 172.822737282
0.61 174.075295727
0.66 175.266766176
0.71 176.400127926
1.26 185.75176924
1.31 186.373771356
1.36 186.965438071
1.41 187.52824886
1.46 188.063611042
1.51 187.533026401
1.56 177.900088899
1.61 168.736955303
1.66 160.020713006
1.71 151.729566862
1.76 143.842784687
1.81 136.340645417
1.86 129.204389797
1.91 122.416173471
1.96 115.959022361
2.51 62.67951023
2.56 59.135750565
2.61 55.7648220983
2.66 52.5582957529
2.71 49.5081535427
2.76 46.6067685235
2.81 43.8468857214
2.86 41.2216039918
2.91 38.7243587631
2.96 36.3489056213
